solid OpenSCAD_Model
  facet normal 0 0.894427 -0.447214
    outer loop
      vertex 0 106.066 0
      vertex 70.7107 70.7107 -70.7107
      vertex -70.7107 70.7107 -70.7107
    endloop
  endfacet
  facet normal 0.447213 0.894427 -1.44758e-07
    outer loop
      vertex 0 106.066 0
      vertex 70.7107 70.7107 70.7107
      vertex 70.7107 70.7107 -70.7107
    endloop
  endfacet
  facet normal 0 0.447214 -0.894427
    outer loop
      vertex 70.7107 70.7107 -70.7107
      vertex -0 -6.88927e-06 -106.066
      vertex -70.7107 70.7107 -70.7107
    endloop
  endfacet
  facet normal -0.447214 0.894427 1.44758e-07
    outer loop
      vertex -70.7107 70.7107 -70.7107
      vertex -70.7107 70.7107 70.7107
      vertex 0 106.066 0
    endloop
  endfacet
  facet normal 0.894427 0.447213 -1.44758e-07
    outer loop
      vertex 70.7107 70.7107 -70.7107
      vertex 70.7107 70.7107 70.7107
      vertex 106.066 8.3e-07 -5.793e-06
    endloop
  endfacet
  facet normal -2.17136e-07 0.894427 0.447214
    outer loop
      vertex 70.7107 70.7107 70.7107
      vertex 0 106.066 0
      vertex -70.7107 70.7107 70.7107
    endloop
  endfacet
  facet normal -0.447213 7.23788e-08 -0.894427
    outer loop
      vertex -70.7107 70.7107 -70.7107
      vertex -0 -6.88927e-06 -106.066
      vertex -70.7107 -70.7107 -70.7107
    endloop
  endfacet
  facet normal 0.447214 -1.68884e-07 -0.894427
    outer loop
      vertex -0 -6.88927e-06 -106.066
      vertex 70.7107 70.7107 -70.7107
      vertex 70.7107 -70.7107 -70.7107
    endloop
  endfacet
  facet normal -0.894427 0.447214 2.17136e-07
    outer loop
      vertex -70.7107 70.7107 70.7107
      vertex -70.7107 70.7107 -70.7107
      vertex -106.066 -8.3e-07 5.793e-06
    endloop
  endfacet
  facet normal 0.894427 -7.23788e-08 0.447213
    outer loop
      vertex 70.7107 70.7107 70.7107
      vertex 70.7107 -70.7107 70.7107
      vertex 106.066 8.3e-07 -5.793e-06
    endloop
  endfacet
  facet normal 0.894427 -1.9301e-07 -0.447214
    outer loop
      vertex 106.066 8.3e-07 -5.793e-06
      vertex 70.7107 -70.7107 -70.7107
      vertex 70.7107 70.7107 -70.7107
    endloop
  endfacet
  facet normal -2.17136e-07 0.447214 0.894427
    outer loop
      vertex -70.7107 70.7107 70.7107
      vertex 0 6.88927e-06 106.066
      vertex 70.7107 70.7107 70.7107
    endloop
  endfacet
  facet normal 2.17136e-07 -0.447214 -0.894427
    outer loop
      vertex -0 -6.88927e-06 -106.066
      vertex 70.7107 -70.7107 -70.7107
      vertex -70.7107 -70.7107 -70.7107
    endloop
  endfacet
  facet normal -0.894427 7.23788e-08 -0.447213
    outer loop
      vertex -70.7107 -70.7107 -70.7107
      vertex -106.066 -8.3e-07 5.793e-06
      vertex -70.7107 70.7107 -70.7107
    endloop
  endfacet
  facet normal -0.894427 1.9301e-07 0.447214
    outer loop
      vertex -106.066 -8.3e-07 5.793e-06
      vertex -70.7107 -70.7107 70.7107
      vertex -70.7107 70.7107 70.7107
    endloop
  endfacet
  facet normal 0.894427 -0.447214 -2.17136e-07
    outer loop
      vertex 106.066 8.3e-07 -5.793e-06
      vertex 70.7107 -70.7107 70.7107
      vertex 70.7107 -70.7107 -70.7107
    endloop
  endfacet
  facet normal 0.447213 -7.23788e-08 0.894427
    outer loop
      vertex 70.7107 -70.7107 70.7107
      vertex 70.7107 70.7107 70.7107
      vertex 0 6.88927e-06 106.066
    endloop
  endfacet
  facet normal -0.447214 1.68884e-07 0.894427
    outer loop
      vertex 0 6.88927e-06 106.066
      vertex -70.7107 70.7107 70.7107
      vertex -70.7107 -70.7107 70.7107
    endloop
  endfacet
  facet normal 2.17136e-07 -0.894427 -0.447214
    outer loop
      vertex -70.7107 -70.7107 -70.7107
      vertex 70.7107 -70.7107 -70.7107
      vertex -0 -106.066 0
    endloop
  endfacet
  facet normal -0.894427 -0.447213 1.44758e-07
    outer loop
      vertex -106.066 -8.3e-07 5.793e-06
      vertex -70.7107 -70.7107 -70.7107
      vertex -70.7107 -70.7107 70.7107
    endloop
  endfacet
  facet normal 0.447214 -0.894427 -1.44758e-07
    outer loop
      vertex 70.7107 -70.7107 70.7107
      vertex -0 -106.066 0
      vertex 70.7107 -70.7107 -70.7107
    endloop
  endfacet
  facet normal 0 -0.447214 0.894427
    outer loop
      vertex 0 6.88927e-06 106.066
      vertex -70.7107 -70.7107 70.7107
      vertex 70.7107 -70.7107 70.7107
    endloop
  endfacet
  facet normal -0.447213 -0.894427 1.44758e-07
    outer loop
      vertex -0 -106.066 0
      vertex -70.7107 -70.7107 70.7107
      vertex -70.7107 -70.7107 -70.7107
    endloop
  endfacet
  facet normal 0 -0.894427 0.447214
    outer loop
      vertex -0 -106.066 0
      vertex 70.7107 -70.7107 70.7107
      vertex -70.7107 -70.7107 70.7107
    endloop
  endfacet
endsolid OpenSCAD_Model
