solid OpenSCAD_Model
  facet normal 0 1 0
    outer loop
      vertex 49.8088 91.6126 -27.0805
      vertex -49.8088 91.6126 27.0805
      vertex 27.0805 91.6126 49.8088
    endloop
  endfacet
  facet normal 0 1 0
    outer loop
      vertex -49.8088 91.6126 27.0805
      vertex 49.8088 91.6126 -27.0805
      vertex -27.0805 91.6126 -49.8088
    endloop
  endfacet
  facet normal 2.6974e-08 -9.12523e-08 -1
    outer loop
      vertex -27.0805 -49.8088 -91.6126
      vertex 27.0805 49.8088 -91.6126
      vertex 49.8087 -27.0805 -91.6126
    endloop
  endfacet
  facet normal -9.12523e-08 -2.6974e-08 -1
    outer loop
      vertex 27.0805 49.8088 -91.6126
      vertex -27.0805 -49.8088 -91.6126
      vertex -49.8088 27.0805 -91.6126
    endloop
  endfacet
  facet normal -1 3.7534e-07 4.08627e-07
    outer loop
      vertex -91.6126 -27.0805 -49.8088
      vertex -91.6126 27.0805 49.8088
      vertex -91.6126 49.8088 -27.0805
    endloop
  endfacet
  facet normal -1 -9.75655e-08 6.6574e-07
    outer loop
      vertex -91.6126 27.0805 49.8088
      vertex -91.6126 -27.0805 -49.8088
      vertex -91.6126 -49.8088 27.0805
    endloop
  endfacet
  facet normal 1 -6.72053e-07 -5.95149e-07
    outer loop
      vertex 91.6126 -27.0805 49.8087
      vertex 91.6126 27.0805 -49.8088
      vertex 91.6126 49.8088 27.0805
    endloop
  endfacet
  facet normal 1 1.55531e-07 -1.452e-07
    outer loop
      vertex 91.6126 27.0805 -49.8088
      vertex 91.6126 -27.0805 49.8087
      vertex 91.6126 -49.8088 -27.0805
    endloop
  endfacet
  facet normal -6.42784e-08 1.18226e-07 1
    outer loop
      vertex -27.0805 49.8088 91.6126
      vertex 27.0805 -49.8088 91.6126
      vertex 49.8088 27.0805 91.6126
    endloop
  endfacet
  facet normal 1.72174e-07 2.46783e-07 1
    outer loop
      vertex 27.0805 -49.8088 91.6126
      vertex -27.0805 49.8088 91.6126
      vertex -49.8087 -27.0805 91.6126
    endloop
  endfacet
  facet normal 0 -1 0
    outer loop
      vertex -49.8088 -91.6126 -27.0805
      vertex 49.8088 -91.6126 27.0805
      vertex -27.0805 -91.6126 49.8088
    endloop
  endfacet
  facet normal 0 -1 0
    outer loop
      vertex 49.8088 -91.6126 27.0805
      vertex -49.8088 -91.6126 -27.0805
      vertex 27.0805 -91.6126 -49.8088
    endloop
  endfacet
  facet normal 0.170663 0.798461 -0.57735
    outer loop
      vertex -27.0805 91.6126 -49.8088
      vertex 49.8088 91.6126 -27.0805
      vertex 27.0805 49.8088 -91.6126
    endloop
  endfacet
  facet normal -0.170664 0.57735 -0.798461
    outer loop
      vertex -27.0805 91.6126 -49.8088
      vertex 27.0805 49.8088 -91.6126
      vertex -49.8088 27.0805 -91.6126
    endloop
  endfacet
  facet normal -0.57735 0.57735 -0.57735
    outer loop
      vertex -27.0805 91.6126 -49.8088
      vertex -49.8088 27.0805 -91.6126
      vertex -91.6126 49.8088 -27.0805
    endloop
  endfacet
  facet normal -0.57735 0.798461 -0.170663
    outer loop
      vertex -27.0805 91.6126 -49.8088
      vertex -91.6126 49.8088 -27.0805
      vertex -49.8088 91.6126 27.0805
    endloop
  endfacet
  facet normal 0.57735 0.798462 0.170663
    outer loop
      vertex 49.8088 91.6126 -27.0805
      vertex 27.0805 91.6126 49.8088
      vertex 91.6126 49.8088 27.0805
    endloop
  endfacet
  facet normal 0.798461 0.57735 -0.170664
    outer loop
      vertex 49.8088 91.6126 -27.0805
      vertex 91.6126 49.8088 27.0805
      vertex 91.6126 27.0805 -49.8088
    endloop
  endfacet
  facet normal 0.57735 0.57735 -0.57735
    outer loop
      vertex 49.8088 91.6126 -27.0805
      vertex 91.6126 27.0805 -49.8088
      vertex 27.0805 49.8088 -91.6126
    endloop
  endfacet
  facet normal 0.57735 0.170663 -0.798462
    outer loop
      vertex 27.0805 49.8088 -91.6126
      vertex 91.6126 27.0805 -49.8088
      vertex 49.8087 -27.0805 -91.6126
    endloop
  endfacet
  facet normal -0.57735 -0.170663 -0.798462
    outer loop
      vertex -49.8088 27.0805 -91.6126
      vertex -27.0805 -49.8088 -91.6126
      vertex -91.6126 -27.0805 -49.8088
    endloop
  endfacet
  facet normal -0.798461 0.170664 -0.57735
    outer loop
      vertex -49.8088 27.0805 -91.6126
      vertex -91.6126 -27.0805 -49.8088
      vertex -91.6126 49.8088 -27.0805
    endloop
  endfacet
  facet normal -0.798461 0.57735 0.170664
    outer loop
      vertex -91.6126 49.8088 -27.0805
      vertex -91.6126 27.0805 49.8088
      vertex -49.8088 91.6126 27.0805
    endloop
  endfacet
  facet normal -0.57735 0.57735 0.577351
    outer loop
      vertex -49.8088 91.6126 27.0805
      vertex -91.6126 27.0805 49.8088
      vertex -27.0805 49.8088 91.6126
    endloop
  endfacet
  facet normal -0.170663 0.798461 0.577351
    outer loop
      vertex -49.8088 91.6126 27.0805
      vertex -27.0805 49.8088 91.6126
      vertex 27.0805 91.6126 49.8088
    endloop
  endfacet
  facet normal 0.170663 0.57735 0.798461
    outer loop
      vertex 27.0805 91.6126 49.8088
      vertex -27.0805 49.8088 91.6126
      vertex 49.8088 27.0805 91.6126
    endloop
  endfacet
  facet normal 0.57735 0.57735 0.57735
    outer loop
      vertex 27.0805 91.6126 49.8088
      vertex 49.8088 27.0805 91.6126
      vertex 91.6126 49.8088 27.0805
    endloop
  endfacet
  facet normal 0.798461 0.170663 0.57735
    outer loop
      vertex 91.6126 49.8088 27.0805
      vertex 49.8088 27.0805 91.6126
      vertex 91.6126 -27.0805 49.8087
    endloop
  endfacet
  facet normal 0.798461 -0.170663 -0.577351
    outer loop
      vertex 91.6126 27.0805 -49.8088
      vertex 91.6126 -49.8088 -27.0805
      vertex 49.8087 -27.0805 -91.6126
    endloop
  endfacet
  facet normal 0.57735 -0.57735 -0.577351
    outer loop
      vertex 49.8087 -27.0805 -91.6126
      vertex 91.6126 -49.8088 -27.0805
      vertex 27.0805 -91.6126 -49.8088
    endloop
  endfacet
  facet normal 0.170663 -0.57735 -0.798462
    outer loop
      vertex 49.8087 -27.0805 -91.6126
      vertex 27.0805 -91.6126 -49.8088
      vertex -27.0805 -49.8088 -91.6126
    endloop
  endfacet
  facet normal -0.170664 -0.798461 -0.57735
    outer loop
      vertex -27.0805 -49.8088 -91.6126
      vertex 27.0805 -91.6126 -49.8088
      vertex -49.8088 -91.6126 -27.0805
    endloop
  endfacet
  facet normal -0.57735 -0.577351 -0.57735
    outer loop
      vertex -27.0805 -49.8088 -91.6126
      vertex -49.8088 -91.6126 -27.0805
      vertex -91.6126 -27.0805 -49.8088
    endloop
  endfacet
  facet normal -0.798461 -0.577351 -0.170663
    outer loop
      vertex -91.6126 -27.0805 -49.8088
      vertex -49.8088 -91.6126 -27.0805
      vertex -91.6126 -49.8088 27.0805
    endloop
  endfacet
  facet normal -0.798461 -0.170663 0.57735
    outer loop
      vertex -91.6126 27.0805 49.8088
      vertex -91.6126 -49.8088 27.0805
      vertex -49.8087 -27.0805 91.6126
    endloop
  endfacet
  facet normal -0.57735 0.170664 0.798462
    outer loop
      vertex -91.6126 27.0805 49.8088
      vertex -49.8087 -27.0805 91.6126
      vertex -27.0805 49.8088 91.6126
    endloop
  endfacet
  facet normal 0.57735 -0.170663 0.798461
    outer loop
      vertex 49.8088 27.0805 91.6126
      vertex 27.0805 -49.8088 91.6126
      vertex 91.6126 -27.0805 49.8087
    endloop
  endfacet
  facet normal 0.57735 -0.57735 0.57735
    outer loop
      vertex 91.6126 -27.0805 49.8087
      vertex 27.0805 -49.8088 91.6126
      vertex 49.8088 -91.6126 27.0805
    endloop
  endfacet
  facet normal 0.798461 -0.57735 0.170663
    outer loop
      vertex 91.6126 -27.0805 49.8087
      vertex 49.8088 -91.6126 27.0805
      vertex 91.6126 -49.8088 -27.0805
    endloop
  endfacet
  facet normal 0.57735 -0.798461 -0.170664
    outer loop
      vertex 91.6126 -49.8088 -27.0805
      vertex 49.8088 -91.6126 27.0805
      vertex 27.0805 -91.6126 -49.8088
    endloop
  endfacet
  facet normal -0.57735 -0.798461 0.170664
    outer loop
      vertex -49.8088 -91.6126 -27.0805
      vertex -27.0805 -91.6126 49.8088
      vertex -91.6126 -49.8088 27.0805
    endloop
  endfacet
  facet normal -0.57735 -0.57735 0.57735
    outer loop
      vertex -91.6126 -49.8088 27.0805
      vertex -27.0805 -91.6126 49.8088
      vertex -49.8087 -27.0805 91.6126
    endloop
  endfacet
  facet normal -0.170663 -0.57735 0.798461
    outer loop
      vertex -49.8087 -27.0805 91.6126
      vertex -27.0805 -91.6126 49.8088
      vertex 27.0805 -49.8088 91.6126
    endloop
  endfacet
  facet normal 0.170664 -0.798461 0.57735
    outer loop
      vertex 27.0805 -49.8088 91.6126
      vertex -27.0805 -91.6126 49.8088
      vertex 49.8088 -91.6126 27.0805
    endloop
  endfacet
endsolid OpenSCAD_Model
