solid OpenSCAD_Model
  facet normal 0 -1 0
    outer loop
      vertex -67.1644 -31.271 67.1644
      vertex 67.1644 -31.271 67.1644
      vertex -0 -31.271 94.9849
    endloop
  endfacet
  facet normal 0 -1 0
    outer loop
      vertex -94.9849 -31.271 0
      vertex 67.1644 -31.271 67.1644
      vertex -67.1644 -31.271 67.1644
    endloop
  endfacet
  facet normal 0 -1 0
    outer loop
      vertex -94.9849 -31.271 0
      vertex 94.9849 -31.271 0
      vertex 67.1644 -31.271 67.1644
    endloop
  endfacet
  facet normal 0 -1 0
    outer loop
      vertex -67.1644 -31.271 -67.1644
      vertex 94.9849 -31.271 0
      vertex -94.9849 -31.271 0
    endloop
  endfacet
  facet normal 0 -1 0
    outer loop
      vertex -67.1644 -31.271 -67.1644
      vertex 67.1644 -31.271 -67.1644
      vertex 94.9849 -31.271 0
    endloop
  endfacet
  facet normal -0 -1 0
    outer loop
      vertex 67.1644 -31.271 -67.1644
      vertex -67.1644 -31.271 -67.1644
      vertex -0 -31.271 -94.9849
    endloop
  endfacet
  facet normal 0 1 0
    outer loop
      vertex 87.7546 31.271 36.3491
      vertex -36.3491 31.271 87.7546
      vertex 36.3491 31.271 87.7546
    endloop
  endfacet
  facet normal 0 1 0
    outer loop
      vertex 87.7546 31.271 36.3491
      vertex -87.7546 31.271 36.3491
      vertex -36.3491 31.271 87.7546
    endloop
  endfacet
  facet normal 0 1 -0
    outer loop
      vertex 87.7546 31.271 -36.3491
      vertex -87.7546 31.271 36.3491
      vertex 87.7546 31.271 36.3491
    endloop
  endfacet
  facet normal 0 1 0
    outer loop
      vertex 87.7546 31.271 -36.3491
      vertex -87.7546 31.271 -36.3491
      vertex -87.7546 31.271 36.3491
    endloop
  endfacet
  facet normal 0 1 -0
    outer loop
      vertex 36.3491 31.271 -87.7546
      vertex -87.7546 31.271 -36.3491
      vertex 87.7546 31.271 -36.3491
    endloop
  endfacet
  facet normal 0 1 0
    outer loop
      vertex -87.7546 31.271 -36.3491
      vertex 36.3491 31.271 -87.7546
      vertex -36.3491 31.271 -87.7546
    endloop
  endfacet
  facet normal 0 0.114842 -0.993384
    outer loop
      vertex 36.3491 31.271 -87.7546
      vertex -0 -31.271 -94.9849
      vertex -36.3491 31.271 -87.7546
    endloop
  endfacet
  facet normal -0.380151 -0.114842 -0.917767
    outer loop
      vertex -36.3491 31.271 -87.7546
      vertex -0 -31.271 -94.9849
      vertex -67.1644 -31.271 -67.1644
    endloop
  endfacet
  facet normal -0.702428 0.114842 -0.702428
    outer loop
      vertex -36.3491 31.271 -87.7546
      vertex -67.1644 -31.271 -67.1644
      vertex -87.7546 31.271 -36.3491
    endloop
  endfacet
  facet normal -0.917767 -0.114842 -0.380151
    outer loop
      vertex -87.7546 31.271 -36.3491
      vertex -67.1644 -31.271 -67.1644
      vertex -94.9849 -31.271 0
    endloop
  endfacet
  facet normal -0.993384 0.114842 0
    outer loop
      vertex -87.7546 31.271 -36.3491
      vertex -94.9849 -31.271 0
      vertex -87.7546 31.271 36.3491
    endloop
  endfacet
  facet normal -0.917767 -0.114842 0.380151
    outer loop
      vertex -87.7546 31.271 36.3491
      vertex -94.9849 -31.271 0
      vertex -67.1644 -31.271 67.1644
    endloop
  endfacet
  facet normal -0.702428 0.114842 0.702428
    outer loop
      vertex -87.7546 31.271 36.3491
      vertex -67.1644 -31.271 67.1644
      vertex -36.3491 31.271 87.7546
    endloop
  endfacet
  facet normal -0.380151 -0.114842 0.917767
    outer loop
      vertex -36.3491 31.271 87.7546
      vertex -67.1644 -31.271 67.1644
      vertex -0 -31.271 94.9849
    endloop
  endfacet
  facet normal -0 0.114842 0.993384
    outer loop
      vertex -36.3491 31.271 87.7546
      vertex -0 -31.271 94.9849
      vertex 36.3491 31.271 87.7546
    endloop
  endfacet
  facet normal 0.380151 -0.114842 0.917767
    outer loop
      vertex 36.3491 31.271 87.7546
      vertex -0 -31.271 94.9849
      vertex 67.1644 -31.271 67.1644
    endloop
  endfacet
  facet normal 0.702428 0.114842 0.702428
    outer loop
      vertex 36.3491 31.271 87.7546
      vertex 67.1644 -31.271 67.1644
      vertex 87.7546 31.271 36.3491
    endloop
  endfacet
  facet normal 0.917767 -0.114842 0.380151
    outer loop
      vertex 87.7546 31.271 36.3491
      vertex 67.1644 -31.271 67.1644
      vertex 94.9849 -31.271 0
    endloop
  endfacet
  facet normal 0.993384 0.114842 0
    outer loop
      vertex 87.7546 31.271 36.3491
      vertex 94.9849 -31.271 0
      vertex 87.7546 31.271 -36.3491
    endloop
  endfacet
  facet normal 0.917767 -0.114842 -0.380151
    outer loop
      vertex 87.7546 31.271 -36.3491
      vertex 94.9849 -31.271 0
      vertex 67.1644 -31.271 -67.1644
    endloop
  endfacet
  facet normal 0.702428 0.114842 -0.702428
    outer loop
      vertex 87.7546 31.271 -36.3491
      vertex 67.1644 -31.271 -67.1644
      vertex 36.3491 31.271 -87.7546
    endloop
  endfacet
  facet normal 0.380151 -0.114842 -0.917767
    outer loop
      vertex 36.3491 31.271 -87.7546
      vertex 67.1644 -31.271 -67.1644
      vertex -0 -31.271 -94.9849
    endloop
  endfacet
endsolid OpenSCAD_Model
