solid OpenSCAD_Model
  facet normal -0.886452 0.281747 0.36718
    outer loop
      vertex -100 -0 0
      vertex -70.7107 -0 70.7107
      vertex -57.735 57.735 57.735
    endloop
  endfacet
  facet normal -0.36718 0.281747 0.886452
    outer loop
      vertex 0 0 100
      vertex -57.735 57.735 57.735
      vertex -70.7107 -0 70.7107
    endloop
  endfacet
  facet normal 0.886452 0.281747 0.36718
    outer loop
      vertex 100 0 0
      vertex 57.735 57.735 57.735
      vertex 70.7107 0 70.7107
    endloop
  endfacet
  facet normal 0.36718 0.281747 0.886452
    outer loop
      vertex 0 0 100
      vertex 70.7107 0 70.7107
      vertex 57.735 57.735 57.735
    endloop
  endfacet
  facet normal -0.281747 0.36718 0.886452
    outer loop
      vertex 0 0 100
      vertex 0 70.7107 70.7107
      vertex -57.735 57.735 57.735
    endloop
  endfacet
  facet normal 0.281747 0.36718 0.886452
    outer loop
      vertex 0 0 100
      vertex 57.735 57.735 57.735
      vertex 0 70.7107 70.7107
    endloop
  endfacet
  facet normal -0.281747 0.886452 0.36718
    outer loop
      vertex 0 100 0
      vertex -57.735 57.735 57.735
      vertex 0 70.7107 70.7107
    endloop
  endfacet
  facet normal 0.281747 0.886452 0.36718
    outer loop
      vertex 0 100 0
      vertex 0 70.7107 70.7107
      vertex 57.735 57.735 57.735
    endloop
  endfacet
  facet normal -0.886452 0.281747 -0.36718
    outer loop
      vertex -100 -0 0
      vertex -57.735 57.735 -57.735
      vertex -70.7107 -0 -70.7107
    endloop
  endfacet
  facet normal -0.36718 0.281747 -0.886452
    outer loop
      vertex -0 -0 -100
      vertex -70.7107 -0 -70.7107
      vertex -57.735 57.735 -57.735
    endloop
  endfacet
  facet normal -0.886452 0.36718 0.281747
    outer loop
      vertex -100 -0 0
      vertex -57.735 57.735 57.735
      vertex -70.7107 70.7107 0
    endloop
  endfacet
  facet normal -0.886452 0.36718 -0.281747
    outer loop
      vertex -100 -0 0
      vertex -70.7107 70.7107 0
      vertex -57.735 57.735 -57.735
    endloop
  endfacet
  facet normal -0.36718 0.886452 0.281747
    outer loop
      vertex 0 100 0
      vertex -70.7107 70.7107 0
      vertex -57.735 57.735 57.735
    endloop
  endfacet
  facet normal -0.36718 0.886452 -0.281747
    outer loop
      vertex 0 100 0
      vertex -57.735 57.735 -57.735
      vertex -70.7107 70.7107 0
    endloop
  endfacet
  facet normal 0.886452 0.281747 -0.36718
    outer loop
      vertex 100 0 0
      vertex 70.7107 0 -70.7107
      vertex 57.735 57.735 -57.735
    endloop
  endfacet
  facet normal 0.36718 0.281747 -0.886452
    outer loop
      vertex -0 -0 -100
      vertex 57.735 57.735 -57.735
      vertex 70.7107 0 -70.7107
    endloop
  endfacet
  facet normal 0.886452 0.36718 0.281747
    outer loop
      vertex 100 0 0
      vertex 70.7107 70.7107 0
      vertex 57.735 57.735 57.735
    endloop
  endfacet
  facet normal 0.886452 0.36718 -0.281747
    outer loop
      vertex 100 0 0
      vertex 57.735 57.735 -57.735
      vertex 70.7107 70.7107 0
    endloop
  endfacet
  facet normal 0.36718 0.886452 0.281747
    outer loop
      vertex 0 100 0
      vertex 57.735 57.735 57.735
      vertex 70.7107 70.7107 0
    endloop
  endfacet
  facet normal 0.36718 0.886452 -0.281747
    outer loop
      vertex 0 100 0
      vertex 70.7107 70.7107 0
      vertex 57.735 57.735 -57.735
    endloop
  endfacet
  facet normal -0.281747 0.36718 -0.886452
    outer loop
      vertex -0 -0 -100
      vertex -57.735 57.735 -57.735
      vertex 0 70.7107 -70.7107
    endloop
  endfacet
  facet normal 0.281747 0.36718 -0.886452
    outer loop
      vertex -0 -0 -100
      vertex 0 70.7107 -70.7107
      vertex 57.735 57.735 -57.735
    endloop
  endfacet
  facet normal -0.281747 0.886452 -0.36718
    outer loop
      vertex 0 100 0
      vertex 0 70.7107 -70.7107
      vertex -57.735 57.735 -57.735
    endloop
  endfacet
  facet normal 0.281747 0.886452 -0.36718
    outer loop
      vertex 0 100 0
      vertex 57.735 57.735 -57.735
      vertex 0 70.7107 -70.7107
    endloop
  endfacet
  facet normal -0.36718 -0.281747 0.886452
    outer loop
      vertex 0 0 100
      vertex -70.7107 -0 70.7107
      vertex -57.735 -57.735 57.735
    endloop
  endfacet
  facet normal -0.886452 -0.281747 0.36718
    outer loop
      vertex -100 -0 0
      vertex -57.735 -57.735 57.735
      vertex -70.7107 -0 70.7107
    endloop
  endfacet
  facet normal -0.281747 -0.36718 0.886452
    outer loop
      vertex 0 0 100
      vertex -57.735 -57.735 57.735
      vertex -0 -70.7107 70.7107
    endloop
  endfacet
  facet normal -0.281747 -0.886452 0.36718
    outer loop
      vertex -0 -100 0
      vertex -0 -70.7107 70.7107
      vertex -57.735 -57.735 57.735
    endloop
  endfacet
  facet normal -0.886452 -0.36718 0.281747
    outer loop
      vertex -100 -0 0
      vertex -70.7107 -70.7107 0
      vertex -57.735 -57.735 57.735
    endloop
  endfacet
  facet normal -0.36718 -0.886452 0.281747
    outer loop
      vertex -0 -100 0
      vertex -57.735 -57.735 57.735
      vertex -70.7107 -70.7107 0
    endloop
  endfacet
  facet normal -0.36718 -0.281747 -0.886452
    outer loop
      vertex -0 -0 -100
      vertex -57.735 -57.735 -57.735
      vertex -70.7107 -0 -70.7107
    endloop
  endfacet
  facet normal -0.36718 -0.886452 -0.281747
    outer loop
      vertex -0 -100 0
      vertex -70.7107 -70.7107 0
      vertex -57.735 -57.735 -57.735
    endloop
  endfacet
  facet normal -0.886452 -0.281747 -0.36718
    outer loop
      vertex -100 -0 0
      vertex -70.7107 -0 -70.7107
      vertex -57.735 -57.735 -57.735
    endloop
  endfacet
  facet normal -0.886452 -0.36718 -0.281747
    outer loop
      vertex -100 -0 0
      vertex -57.735 -57.735 -57.735
      vertex -70.7107 -70.7107 0
    endloop
  endfacet
  facet normal 0.36718 -0.281747 0.886452
    outer loop
      vertex 0 0 100
      vertex 57.735 -57.735 57.735
      vertex 70.7107 0 70.7107
    endloop
  endfacet
  facet normal 0.281747 -0.36718 0.886452
    outer loop
      vertex 0 0 100
      vertex -0 -70.7107 70.7107
      vertex 57.735 -57.735 57.735
    endloop
  endfacet
  facet normal 0.886452 -0.281747 0.36718
    outer loop
      vertex 100 0 0
      vertex 70.7107 0 70.7107
      vertex 57.735 -57.735 57.735
    endloop
  endfacet
  facet normal 0.886452 -0.36718 0.281747
    outer loop
      vertex 100 0 0
      vertex 57.735 -57.735 57.735
      vertex 70.7107 -70.7107 0
    endloop
  endfacet
  facet normal 0.36718 -0.886452 0.281747
    outer loop
      vertex -0 -100 0
      vertex 70.7107 -70.7107 0
      vertex 57.735 -57.735 57.735
    endloop
  endfacet
  facet normal 0.281747 -0.886452 0.36718
    outer loop
      vertex -0 -100 0
      vertex 57.735 -57.735 57.735
      vertex -0 -70.7107 70.7107
    endloop
  endfacet
  facet normal -0.281747 -0.36718 -0.886452
    outer loop
      vertex -0 -0 -100
      vertex -0 -70.7107 -70.7107
      vertex -57.735 -57.735 -57.735
    endloop
  endfacet
  facet normal -0.281747 -0.886452 -0.36718
    outer loop
      vertex -0 -100 0
      vertex -57.735 -57.735 -57.735
      vertex -0 -70.7107 -70.7107
    endloop
  endfacet
  facet normal 0.886452 -0.281747 -0.36718
    outer loop
      vertex 100 0 0
      vertex 57.735 -57.735 -57.735
      vertex 70.7107 0 -70.7107
    endloop
  endfacet
  facet normal 0.886452 -0.36718 -0.281747
    outer loop
      vertex 100 0 0
      vertex 70.7107 -70.7107 0
      vertex 57.735 -57.735 -57.735
    endloop
  endfacet
  facet normal 0.36718 -0.281747 -0.886452
    outer loop
      vertex -0 -0 -100
      vertex 70.7107 0 -70.7107
      vertex 57.735 -57.735 -57.735
    endloop
  endfacet
  facet normal 0.281747 -0.36718 -0.886452
    outer loop
      vertex -0 -0 -100
      vertex 57.735 -57.735 -57.735
      vertex -0 -70.7107 -70.7107
    endloop
  endfacet
  facet normal 0.36718 -0.886452 -0.281747
    outer loop
      vertex -0 -100 0
      vertex 57.735 -57.735 -57.735
      vertex 70.7107 -70.7107 0
    endloop
  endfacet
  facet normal 0.281747 -0.886452 -0.36718
    outer loop
      vertex -0 -100 0
      vertex -0 -70.7107 -70.7107
      vertex 57.735 -57.735 -57.735
    endloop
  endfacet
endsolid OpenSCAD_Model
