solid OpenSCAD_Model
  facet normal 0 -1 0
    outer loop
      vertex -80.3522 -49.3534 33.283
      vertex 33.283 -49.3534 80.3522
      vertex -33.283 -49.3534 80.3522
    endloop
  endfacet
  facet normal 0 -1 0
    outer loop
      vertex -80.3522 -49.3534 33.283
      vertex 80.3522 -49.3534 33.283
      vertex 33.283 -49.3534 80.3522
    endloop
  endfacet
  facet normal 0 -1 0
    outer loop
      vertex -80.3522 -49.3534 -33.283
      vertex 80.3522 -49.3534 33.283
      vertex -80.3522 -49.3534 33.283
    endloop
  endfacet
  facet normal 0 -1 0
    outer loop
      vertex -80.3522 -49.3534 -33.283
      vertex 80.3522 -49.3534 -33.283
      vertex 80.3522 -49.3534 33.283
    endloop
  endfacet
  facet normal 0 -1 0
    outer loop
      vertex -33.283 -49.3534 -80.3522
      vertex 80.3522 -49.3534 -33.283
      vertex -80.3522 -49.3534 -33.283
    endloop
  endfacet
  facet normal 0 -1 0
    outer loop
      vertex 80.3522 -49.3534 -33.283
      vertex -33.283 -49.3534 -80.3522
      vertex 33.283 -49.3534 -80.3522
    endloop
  endfacet
  facet normal -0.707107 0 0.707107
    outer loop
      vertex -80.3522 -49.3534 33.283
      vertex -33.283 17.2125 80.3522
      vertex -80.3522 17.2125 33.283
    endloop
  endfacet
  facet normal -0.707107 0 0.707107
    outer loop
      vertex -33.283 17.2125 80.3522
      vertex -80.3522 -49.3534 33.283
      vertex -33.283 -49.3534 80.3522
    endloop
  endfacet
  facet normal -0 0 1
    outer loop
      vertex -33.283 17.2125 80.3522
      vertex 33.283 -49.3534 80.3522
      vertex 33.283 17.2125 80.3522
    endloop
  endfacet
  facet normal 0 0 1
    outer loop
      vertex 33.283 -49.3534 80.3522
      vertex -33.283 17.2125 80.3522
      vertex -33.283 -49.3534 80.3522
    endloop
  endfacet
  facet normal 0.707107 -0 0.707107
    outer loop
      vertex 33.283 -49.3534 80.3522
      vertex 80.3522 17.2125 33.283
      vertex 33.283 17.2125 80.3522
    endloop
  endfacet
  facet normal 0.707107 0 0.707107
    outer loop
      vertex 80.3522 17.2125 33.283
      vertex 33.283 -49.3534 80.3522
      vertex 80.3522 -49.3534 33.283
    endloop
  endfacet
  facet normal 1 -0 0
    outer loop
      vertex 80.3522 -49.3534 33.283
      vertex 80.3522 17.2125 -33.283
      vertex 80.3522 17.2125 33.283
    endloop
  endfacet
  facet normal 1 0 0
    outer loop
      vertex 80.3522 17.2125 -33.283
      vertex 80.3522 -49.3534 33.283
      vertex 80.3522 -49.3534 -33.283
    endloop
  endfacet
  facet normal 0.707107 0 -0.707107
    outer loop
      vertex 80.3522 -49.3534 -33.283
      vertex 33.283 17.2125 -80.3522
      vertex 80.3522 17.2125 -33.283
    endloop
  endfacet
  facet normal 0.707107 0 -0.707107
    outer loop
      vertex 33.283 17.2125 -80.3522
      vertex 80.3522 -49.3534 -33.283
      vertex 33.283 -49.3534 -80.3522
    endloop
  endfacet
  facet normal 0 0 -1
    outer loop
      vertex -33.283 -49.3534 -80.3522
      vertex 33.283 17.2125 -80.3522
      vertex 33.283 -49.3534 -80.3522
    endloop
  endfacet
  facet normal -0 0 -1
    outer loop
      vertex 33.283 17.2125 -80.3522
      vertex -33.283 -49.3534 -80.3522
      vertex -33.283 17.2125 -80.3522
    endloop
  endfacet
  facet normal -0.707107 0 -0.707107
    outer loop
      vertex -33.283 -49.3534 -80.3522
      vertex -80.3522 17.2125 -33.283
      vertex -33.283 17.2125 -80.3522
    endloop
  endfacet
  facet normal -0.707107 -0 -0.707107
    outer loop
      vertex -80.3522 17.2125 -33.283
      vertex -33.283 -49.3534 -80.3522
      vertex -80.3522 -49.3534 -33.283
    endloop
  endfacet
  facet normal -1 0 0
    outer loop
      vertex -80.3522 -49.3534 -33.283
      vertex -80.3522 17.2125 33.283
      vertex -80.3522 17.2125 -33.283
    endloop
  endfacet
  facet normal -1 -0 0
    outer loop
      vertex -80.3522 17.2125 33.283
      vertex -80.3522 -49.3534 -33.283
      vertex -80.3522 -49.3534 33.283
    endloop
  endfacet
  facet normal 0 1 -0
    outer loop
      vertex 33.283 64.2818 -33.283
      vertex -33.283 64.2818 33.283
      vertex 33.283 64.2818 33.283
    endloop
  endfacet
  facet normal 0 1 0
    outer loop
      vertex -33.283 64.2818 33.283
      vertex 33.283 64.2818 -33.283
      vertex -33.283 64.2818 -33.283
    endloop
  endfacet
  facet normal 0.707107 0.707107 -0
    outer loop
      vertex 80.3522 17.2125 -33.283
      vertex 33.283 64.2818 33.283
      vertex 80.3522 17.2125 33.283
    endloop
  endfacet
  facet normal 0.707107 0.707107 0
    outer loop
      vertex 33.283 64.2818 33.283
      vertex 80.3522 17.2125 -33.283
      vertex 33.283 64.2818 -33.283
    endloop
  endfacet
  facet normal 0.57735 0.57735 -0.57735
    outer loop
      vertex 33.283 64.2818 -33.283
      vertex 80.3522 17.2125 -33.283
      vertex 33.283 17.2125 -80.3522
    endloop
  endfacet
  facet normal 0 0.707107 -0.707107
    outer loop
      vertex 33.283 17.2125 -80.3522
      vertex -33.283 64.2818 -33.283
      vertex 33.283 64.2818 -33.283
    endloop
  endfacet
  facet normal 0 0.707107 -0.707107
    outer loop
      vertex -33.283 64.2818 -33.283
      vertex 33.283 17.2125 -80.3522
      vertex -33.283 17.2125 -80.3522
    endloop
  endfacet
  facet normal -0.57735 0.57735 -0.57735
    outer loop
      vertex -33.283 64.2818 -33.283
      vertex -33.283 17.2125 -80.3522
      vertex -80.3522 17.2125 -33.283
    endloop
  endfacet
  facet normal -0.707107 0.707107 0
    outer loop
      vertex -33.283 64.2818 -33.283
      vertex -80.3522 17.2125 33.283
      vertex -33.283 64.2818 33.283
    endloop
  endfacet
  facet normal -0.707107 0.707107 0
    outer loop
      vertex -80.3522 17.2125 33.283
      vertex -33.283 64.2818 -33.283
      vertex -80.3522 17.2125 -33.283
    endloop
  endfacet
  facet normal -0.57735 0.57735 0.57735
    outer loop
      vertex -33.283 64.2818 33.283
      vertex -80.3522 17.2125 33.283
      vertex -33.283 17.2125 80.3522
    endloop
  endfacet
  facet normal 0 0.707107 0.707107
    outer loop
      vertex 33.283 64.2818 33.283
      vertex -33.283 17.2125 80.3522
      vertex 33.283 17.2125 80.3522
    endloop
  endfacet
  facet normal 0 0.707107 0.707107
    outer loop
      vertex -33.283 17.2125 80.3522
      vertex 33.283 64.2818 33.283
      vertex -33.283 64.2818 33.283
    endloop
  endfacet
  facet normal 0.57735 0.57735 0.57735
    outer loop
      vertex 33.283 64.2818 33.283
      vertex 33.283 17.2125 80.3522
      vertex 80.3522 17.2125 33.283
    endloop
  endfacet
endsolid OpenSCAD_Model
