solid OpenSCAD_Model
  facet normal -0 0.239146 0.970984
    outer loop
      vertex -44.3437 37.2885 44.3437
      vertex -0 -37.2885 62.7115
      vertex 44.3437 37.2885 44.3437
    endloop
  endfacet
  facet normal 0.686589 -0.239146 0.686589
    outer loop
      vertex 44.3437 37.2885 44.3437
      vertex -0 -37.2885 62.7115
      vertex 62.7115 -37.2885 0
    endloop
  endfacet
  facet normal 0.970984 0.239146 0
    outer loop
      vertex 44.3437 37.2885 44.3437
      vertex 62.7115 -37.2885 0
      vertex 44.3437 37.2885 -44.3437
    endloop
  endfacet
  facet normal 0.686589 -0.239146 -0.686589
    outer loop
      vertex 44.3437 37.2885 -44.3437
      vertex 62.7115 -37.2885 0
      vertex -0 -37.2885 -62.7115
    endloop
  endfacet
  facet normal 0 0.239146 -0.970984
    outer loop
      vertex 44.3437 37.2885 -44.3437
      vertex -0 -37.2885 -62.7115
      vertex -44.3437 37.2885 -44.3437
    endloop
  endfacet
  facet normal -0.686589 -0.239146 -0.686589
    outer loop
      vertex -44.3437 37.2885 -44.3437
      vertex -0 -37.2885 -62.7115
      vertex -62.7115 -37.2885 0
    endloop
  endfacet
  facet normal -0.970984 0.239146 0
    outer loop
      vertex -44.3437 37.2885 -44.3437
      vertex -62.7115 -37.2885 0
      vertex -44.3437 37.2885 44.3437
    endloop
  endfacet
  facet normal -0.686589 -0.239146 0.686589
    outer loop
      vertex -44.3437 37.2885 44.3437
      vertex -62.7115 -37.2885 0
      vertex -0 -37.2885 62.7115
    endloop
  endfacet
  facet normal -0 0.57735 0.816497
    outer loop
      vertex -44.3437 37.2885 44.3437
      vertex 44.3437 37.2885 44.3437
      vertex 0 100 0
    endloop
  endfacet
  facet normal 0.816497 0.57735 0
    outer loop
      vertex 44.3437 37.2885 44.3437
      vertex 44.3437 37.2885 -44.3437
      vertex 0 100 0
    endloop
  endfacet
  facet normal 0 0.57735 -0.816497
    outer loop
      vertex 44.3437 37.2885 -44.3437
      vertex -44.3437 37.2885 -44.3437
      vertex 0 100 0
    endloop
  endfacet
  facet normal -0.816497 0.57735 0
    outer loop
      vertex -44.3437 37.2885 -44.3437
      vertex -44.3437 37.2885 44.3437
      vertex 0 100 0
    endloop
  endfacet
  facet normal 0.57735 -0.57735 0.57735
    outer loop
      vertex 62.7115 -37.2885 0
      vertex -0 -37.2885 62.7115
      vertex -0 -100 0
    endloop
  endfacet
  facet normal 0.57735 -0.57735 -0.57735
    outer loop
      vertex -0 -37.2885 -62.7115
      vertex 62.7115 -37.2885 0
      vertex -0 -100 0
    endloop
  endfacet
  facet normal -0.57735 -0.57735 -0.57735
    outer loop
      vertex -62.7115 -37.2885 0
      vertex -0 -37.2885 -62.7115
      vertex -0 -100 0
    endloop
  endfacet
  facet normal -0.57735 -0.57735 0.57735
    outer loop
      vertex -0 -37.2885 62.7115
      vertex -62.7115 -37.2885 0
      vertex -0 -100 0
    endloop
  endfacet
endsolid OpenSCAD_Model
